18     372
18     100
18     27
372     65
372     203
8     331
8     37
8     39
8     174
8     11
8     35
80     390
80     25
80     452
390     482
146     299
299     214
240     267
267     464
365     404
404     43
14     300
14     69
14     287
14     21
14     275
300     6
34     94
34     47
34     190
94     13
94     20
112     178
178     395
13     6
13     140
13     228
13     142
77     241
77     154
77     39
241     486
37     33
37     49
37     225
37     29
25     439
25     282
25     29
25     23
25     478
39     478
39     284
47     57
47     310
76     102
76     38
184     291
184     185
291     128
23     86
23     376
23     393
23     142
23     70
23     188
23     232
23     127
100     167
288     465
105     155
105     46
155     66
27     201
27     42
22     30
22     121
22     401
3     172
3     24
3     19
172     32
117     303
244     277
244     59
244     170
277     19
74     466
74     6
1     24
1     252
1     253
24     316
20     50
20     113
20     130
50     208
50     5
50     68
122     191
122     498
122     216
122     158
122     222
81     134
81     43
21     293
21     359
132     481
78     276
78     371
177     264
121     307
266     379
10     345
10     323
10     197
10     341
10     261
43     186
393     93
200     209
200     307
209     374
209     223
482     17
49     420
113     40
113     486
190     149
323     99
182     459
459     32
68     468
468     91
205     335
205     0
205     60
7     108
7     26
7     233
7     32
108     157
93     116
348     445
348     256
445     454
197     136
35     309
35     265
309     333
309     444
42     156
174     349
203     427
162     279
394     431
431     11
6     48
6     322
90     157
90     46
19     165
19     88
179     245
179     318
310     402
26     130
26     99
26     428
26     321
130     126
141     327
66     41
238     454
185     32
140     495
140     375
221     389
221     83
31     489
489     270
46     54
46     148
11     387
268     395
388     467
28     71
28     131
28     186
28     317
48     312
213     312
297     415
38     56
56     485
56     385
148     437
148     147
2     305
9     391
9     375
51     333
51     58
51     32
51     199
126     280
104     438
322     334
153     168
36     336
36     40
402     357
165     353
165     218
223     306
16     176
83     32
83     285
32     354
53     61
63     160
370     494
52     109
273     406
187     199
330     396
166     259
243     430
204     339
204     329
124     150
45     407
403     418
285     347
220     413
96     219
96     234
212     215
343     378
343     62
12     101
138     399
