0     3
0     5
0     7
0     9
0     10
0     11
0     24
0     25
0     26
0     31
0     36
0     40
0     61
0     63
0     104
0     162
0     205
0     241
0     254
0     273
0     277
0     292
0     304
0     315
0     333
0     346
0     350
0     374
0     394
0     455
0     464
1     2
1     6
1     10
1     20
1     24
1     27
1     32
1     47
1     54
1     91
1     103
1     108
1     127
1     146
1     160
1     173
1     201
1     210
1     214
1     228
1     238
1     250
1     252
1     253
1     285
1     337
1     396
1     425
1     447
1     471
2     13
2     14
2     17
2     18
2     22
2     23
2     26
2     30
2     32
2     33
2     35
2     42
2     55
2     58
2     63
2     69
2     70
2     83
2     84
2     86
2     98
2     104
2     134
2     145
2     152
2     185
2     191
2     202
2     237
2     245
2     268
2     305
2     310
2     323
2     361
2     362
2     375
2     396
2     416
2     445
2     490
2     492
2     498
2     499
3     9
3     14
3     15
3     19
3     20
3     24
3     31
3     69
3     75
3     82
3     103
3     119
3     136
3     143
3     165
3     172
3     194
3     256
3     273
3     284
3     307
3     392
3     420
3     491
4     7
4     14
4     22
4     29
4     48
4     64
4     76
4     99
4     169
4     219
4     254
4     391
5     7
5     13
5     22
5     27
5     28
5     40
5     42
5     49
5     50
5     64
5     70
5     76
5     80
5     87
5     90
5     100
5     116
5     137
5     144
5     159
5     161
5     178
5     265
5     271
5     293
5     322
5     353
5     371
5     470
5     479
5     488
6     11
6     13
6     21
6     28
6     33
6     48
6     74
6     132
6     209
6     282
6     300
6     322
7     12
7     17
7     19
7     20
7     23
7     26
7     30
7     32
7     34
7     36
7     46
7     52
7     53
7     54
7     58
7     60
7     63
7     73
7     77
7     82
7     101
7     108
7     119
7     138
7     141
7     143
7     162
7     167
7     169
7     193
7     217
7     233
7     235
7     241
7     262
7     278
7     292
7     302
7     311
7     330
7     349
7     357
7     388
7     394
7     395
7     420
7     435
7     437
7     441
7     457
7     471
7     495
8     11
8     12
8     15
8     18
8     26
8     28
8     35
8     37
8     39
8     46
8     51
8     57
8     58
8     62
8     67
8     72
8     77
8     89
8     91
8     103
8     106
8     110
8     119
8     144
8     172
8     174
8     177
8     182
8     187
8     211
8     221
8     268
8     272
8     286
8     315
8     331
8     360
8     368
8     384
8     385
8     399
8     401
8     430
8     453
8     460
9     12
9     16
9     25
9     31
9     48
9     81
9     92
9     96
9     145
9     203
9     375
9     391
9     433
10     13
10     19
10     21
10     25
10     29
10     51
10     64
10     110
10     113
10     132
10     137
10     145
10     197
10     221
10     237
10     255
10     261
10     297
10     312
10     314
10     323
10     341
10     342
10     345
10     365
10     433
10     443
10     476
11     13
11     21
11     29
11     78
11     88
11     96
11     102
11     146
11     222
11     277
11     294
11     316
11     359
11     387
11     431
11     474
11     494
11     499
12     17
12     23
12     24
12     28
12     35
12     65
12     79
12     89
12     91
12     101
12     132
12     154
12     156
12     166
12     197
12     252
12     258
12     280
12     329
13     17
13     18
13     20
13     25
13     27
13     34
13     50
13     57
13     71
13     73
13     77
13     85
13     94
13     102
13     109
13     121
13     122
13     125
13     131
13     136
13     140
13     142
13     143
13     157
13     161
13     164
13     171
13     172
13     174
13     188
13     193
13     200
13     208
13     210
13     227
13     228
13     240
13     245
13     263
13     266
13     278
13     297
13     302
13     309
13     311
13     315
13     326
13     363
13     370
13     385
13     402
13     410
13     445
14     20
14     21
14     23
14     34
14     37
14     38
14     47
14     51
14     56
14     69
14     76
14     85
14     89
14     98
14     104
14     107
14     108
14     121
14     138
14     145
14     156
14     174
14     206
14     212
14     275
14     287
14     300
14     313
14     320
14     339
14     342
14     351
14     355
14     364
14     386
14     423
14     427
14     447
15     19
15     21
15     67
15     330
15     441
15     465
16     55
16     176
16     234
17     36
17     53
17     62
17     70
17     268
17     482
18     27
18     33
18     43
18     44
18     54
18     100
18     129
18     144
18     146
18     159
18     163
18     175
18     176
18     185
18     205
18     210
18     221
18     231
18     236
18     372
18     382
19     22
19     33
19     49
19     83
19     85
19     88
19     105
19     122
19     125
19     128
19     150
19     151
19     154
19     164
19     165
19     196
19     199
19     231
19     237
19     277
19     289
19     290
19     332
19     422
19     472
19     499
20     22
20     24
20     34
20     41
20     44
20     47
20     50
20     53
20     56
20     69
20     74
20     94
20     113
20     130
20     141
20     143
20     149
20     181
20     248
20     270
20     300
20     379
20     400
20     495
21     29
21     55
21     130
21     139
21     211
21     243
21     278
21     293
21     359
21     365
21     386
22     23
22     26
22     27
22     30
22     31
22     37
22     38
22     43
22     57
22     58
22     59
22     60
22     63
22     70
22     71
22     73
22     77
22     92
22     94
22     95
22     96
22     97
22     99
22     107
22     110
22     121
22     142
22     169
22     173
22     177
22     195
22     203
22     215
22     229
22     247
22     249
22     252
22     254
22     262
22     288
22     301
22     305
22     321
22     325
22     329
22     364
22     369
22     376
22     388
22     401
22     414
22     417
22     427
22     461
22     468
22     482
23     25
23     33
23     34
23     39
23     52
23     53
23     56
23     59
23     66
23     70
23     72
23     74
23     75
23     84
23     86
23     87
23     88
23     89
23     105
23     107
23     120
23     127
23     142
23     149
23     171
23     182
23     183
23     188
23     207
23     232
23     239
23     241
23     250
23     376
23     387
23     393
23     397
23     414
23     448
23     462
23     495
24     36
24     43
24     45
24     60
24     74
24     90
24     97
24     125
24     139
24     160
24     165
24     173
24     184
24     188
24     198
24     251
24     316
24     321
24     325
24     347
24     354
24     355
24     364
24     372
24     388
24     432
24     452
24     475
25     29
25     32
25     40
25     41
25     42
25     55
25     60
25     65
25     80
25     91
25     99
25     103
25     109
25     111
25     118
25     120
25     128
25     139
25     140
25     147
25     149
25     180
25     184
25     193
25     202
25     246
25     251
25     263
25     282
25     291
25     300
25     330
25     332
25     338
25     344
25     352
25     378
25     405
25     406
25     420
25     421
25     437
25     439
25     469
25     474
25     478
26     28
26     31
26     35
26     38
26     39
26     65
26     84
26     99
26     105
26     116
26     118
26     130
26     228
26     315
26     321
26     369
26     384
26     428
26     494
27     42
27     43
27     66
27     135
27     201
27     364
27     446
27     496
28     30
28     40
28     41
28     45
28     59
28     66
28     71
28     78
28     109
28     123
28     127
28     131
28     137
28     138
28     140
28     151
28     152
28     159
28     186
28     187
28     189
28     191
28     212
28     230
28     231
28     241
28     242
28     275
28     310
28     317
28     336
28     348
28     367
28     409
28     457
29     30
29     35
29     37
29     41
29     43
29     48
29     93
29     112
29     121
29     134
29     201
29     210
29     236
29     292
29     325
29     334
29     436
29     438
29     477
30     75
30     137
30     476
31     32
31     38
31     68
31     73
31     78
31     97
31     100
31     123
31     126
31     172
31     175
31     183
31     265
31     306
31     441
31     489
32     38
32     42
32     51
32     53
32     54
32     56
32     61
32     67
32     83
32     86
32     99
32     106
32     112
32     114
32     115
32     127
32     153
32     172
32     185
32     205
32     213
32     223
32     266
32     271
32     281
32     340
32     347
32     350
32     354
32     362
32     370
32     390
32     422
32     459
32     466
32     473
32     477
32     497
32     499
33     37
33     46
33     51
33     101
33     151
33     223
33     342
34     36
34     39
34     45
34     46
34     47
34     49
34     55
34     75
34     80
34     81
34     83
34     94
34     97
34     120
34     138
34     163
34     170
34     173
34     184
34     189
34     190
34     196
34     258
34     260
34     274
34     283
34     299
34     304
34     343
34     389
34     411
34     431
34     448
34     449
34     456
34     488
35     39
35     41
35     60
35     65
35     111
35     112
35     122
35     123
35     127
35     159
35     183
35     265
35     296
35     309
35     497
36     40
36     44
36     45
36     49
36     61
36     65
36     78
36     81
36     106
36     110
36     133
36     195
36     196
36     207
36     209
36     226
36     264
36     281
36     294
36     314
36     336
36     341
36     371
36     372
36     421
37     49
37     126
37     129
37     219
37     225
37     227
37     357
37     410
37     430
38     46
38     56
38     63
38     72
38     76
38     88
38     100
38     107
38     114
38     117
38     130
38     133
38     140
38     145
38     151
38     158
38     164
38     179
38     198
38     209
38     251
38     317
38     329
38     373
38     443
38     476
38     491
39     44
39     66
39     77
39     135
39     155
39     224
39     276
39     284
39     308
39     374
39     450
39     478
40     52
40     113
40     136
40     167
40     253
40     337
40     421
41     44
41     48
41     66
41     115
41     178
41     327
41     328
41     406
41     425
41     478
42     45
42     47
42     50
42     52
42     62
42     64
42     67
42     95
42     143
42     156
42     179
42     219
42     227
42     326
42     412
42     439
42     496
43     50
43     74
43     75
43     81
43     87
43     92
43     95
43     96
43     123
43     124
43     150
43     161
43     164
43     176
43     186
43     191
43     193
43     199
43     226
43     266
43     267
43     268
43     286
43     296
43     343
43     404
43     417
43     419
43     455
44     64
44     71
44     79
44     80
44     85
44     115
44     131
44     348
44     351
44     352
44     410
44     461
45     86
45     146
45     258
45     331
45     407
45     429
46     54
46     59
46     90
46     105
46     148
46     169
46     194
46     257
46     286
46     299
46     315
46     346
46     371
46     383
46     469
47     52
47     57
47     81
47     86
47     126
47     142
47     223
47     310
47     361
47     367
47     402
47     419
47     475
48     84
48     137
48     312
48     422
48     481
48     482
48     493
49     79
49     114
49     146
49     166
49     190
49     217
49     258
49     334
49     416
49     420
49     429
49     443
49     447
50     68
50     175
50     208
50     218
50     224
50     299
50     331
50     335
50     356
50     380
51     58
51     111
51     139
51     174
51     199
51     229
51     301
51     307
51     333
51     415
51     460
52     67
52     68
52     84
52     92
52     100
52     109
52     112
52     120
52     155
52     215
52     298
52     339
52     441
52     444
52     462
52     497
53     61
53     82
53     107
53     108
53     113
53     220
53     260
53     284
53     313
53     401
54     57
54     82
54     93
54     206
54     222
54     288
54     496
55     119
55     133
55     181
55     214
55     221
55     319
55     320
55     367
56     126
56     135
56     164
56     174
56     216
56     228
56     253
56     279
56     301
56     337
56     339
56     385
56     418
56     426
56     450
56     485
56     491
57     59
57     62
57     68
57     87
57     105
57     124
57     125
57     128
57     179
57     180
57     216
57     251
57     262
57     264
57     288
57     351
57     367
57     388
57     394
57     399
57     408
57     421
57     444
57     480
57     490
58     93
58     365
59     61
59     62
59     68
59     71
59     78
59     114
59     115
59     135
59     144
59     166
59     180
59     187
59     196
59     224
59     240
59     244
59     309
59     434
59     446
60     119
60     152
60     195
60     205
60     210
60     225
60     295
60     418
60     422
60     487
61     72
61     96
61     118
61     123
61     124
61     218
61     234
61     243
61     279
61     311
61     352
61     417
61     472
62     73
62     79
62     87
62     197
62     262
62     311
62     343
62     412
63     83
63     139
63     160
63     226
63     285
63     289
63     435
64     226
64     287
64     290
65     151
65     372
65     493
66     76
66     79
66     98
66     155
66     179
66     193
66     195
66     233
66     274
66     305
66     319
66     324
66     330
66     424
66     453
66     459
67     69
67     129
67     204
67     250
67     296
67     437
67     440
67     452
67     471
67     487
68     124
68     150
68     159
68     198
68     468
69     88
69     91
69     98
69     102
69     111
69     138
69     160
69     206
69     211
69     220
69     224
69     247
69     305
69     318
69     319
69     359
69     386
69     393
69     426
69     429
69     443
70     85
70     93
70     95
70     101
70     147
70     176
70     202
70     235
70     348
71     72
71     90
71     156
71     162
71     203
71     204
71     247
71     377
71     457
71     460
72     189
72     209
72     314
73     118
73     162
73     275
73     409
74     93
74     104
74     108
74     124
74     229
74     237
74     366
74     379
74     466
74     491
75     150
75     167
75     182
75     190
75     247
75     394
76     101
76     102
76     118
76     144
76     167
76     275
76     283
76     359
76     361
76     423
76     427
77     104
77     122
77     129
77     154
77     182
77     191
77     217
77     239
77     241
77     255
77     276
77     327
77     368
77     395
77     413
78     82
78     129
78     141
78     240
78     276
78     295
78     371
79     80
79     98
79     153
79     175
79     208
79     249
79     329
79     448
80     90
80     94
80     122
80     220
80     269
80     276
80     326
80     390
80     407
80     452
81     89
81     134
81     153
81     178
81     202
81     248
81     341
81     403
81     454
82     128
82     182
82     235
82     243
82     246
82     267
82     293
82     357
82     381
82     478
83     128
83     149
83     157
83     163
83     190
83     221
83     282
83     285
83     360
84     116
84     240
84     269
84     283
84     323
84     370
84     437
84     455
85     157
85     161
85     207
85     228
85     261
85     450
86     249
86     320
86     349
86     370
87     103
87     179
87     195
87     207
87     382
87     415
87     428
87     448
87     479
88     111
88     126
88     147
88     298
88     391
89     95
89     106
89     213
89     257
89     311
90     117
90     157
90     252
90     325
90     344
90     362
91     92
91     97
91     249
91     468
93     116
93     131
93     141
93     171
93     183
93     245
93     252
93     312
93     316
93     361
93     381
93     393
93     394
93     460
93     486
94     102
94     158
94     177
94     231
94     238
94     273
94     425
94     486
95     117
95     204
95     206
95     239
95     279
95     290
95     325
95     350
95     359
95     424
96     141
96     171
96     184
96     194
96     214
96     219
96     220
96     234
96     389
96     412
96     477
97     110
97     162
97     230
97     423
97     475
98     112
98     180
98     194
98     451
99     166
99     265
99     323
99     344
99     484
100     155
100     167
100     189
100     226
100     263
100     327
100     377
100     428
100     484
101     106
101     117
101     131
101     180
101     194
101     286
101     289
101     298
101     306
101     336
101     338
101     469
102     218
103     227
103     280
103     346
103     398
104     109
104     170
104     201
104     254
104     346
104     385
104     438
104     447
105     116
105     117
105     142
105     155
105     170
105     253
105     256
105     267
105     467
105     487
105     495
106     133
106     184
106     340
107     132
107     134
107     135
107     153
107     166
107     186
107     243
107     281
107     392
107     492
108     113
108     152
108     157
108     205
108     375
108     460
109     258
109     263
109     271
109     480
110     140
110     198
110     274
110     303
110     352
110     391
110     400
110     408
110     419
110     467
111     114
111     115
111     133
111     136
111     147
111     158
111     188
111     314
111     347
111     408
111     471
112     178
112     270
112     338
112     342
112     485
113     132
113     203
113     244
113     321
113     393
113     486
114     169
114     171
114     322
114     408
114     432
114     479
114     493
115     272
115     301
115     347
115     357
116     168
116     187
116     217
116     224
116     225
116     245
116     324
116     340
117     120
117     303
117     345
117     466
118     261
119     121
119     125
119     206
119     423
119     468
120     154
120     175
120     181
120     215
120     255
120     375
120     446
121     134
121     170
121     277
121     287
121     307
121     357
121     498
122     148
122     158
122     191
122     216
122     222
122     318
122     369
122     498
123     292
123     356
124     150
124     186
124     383
125     269
125     278
125     413
125     488
126     130
126     211
126     260
126     280
126     419
126     485
127     158
127     168
127     200
127     250
127     261
127     263
127     376
127     438
127     474
128     202
128     291
128     368
128     449
128     481
129     136
129     154
129     161
129     211
129     215
129     229
129     235
129     273
129     282
129     323
130     257
130     341
130     380
130     405
130     418
130     463
131     148
131     181
131     426
131     496
132     178
132     183
132     242
132     366
132     369
132     411
132     429
132     477
132     481
133     189
133     225
133     242
133     293
133     317
133     341
133     351
133     480
134     163
134     177
134     212
134     296
134     306
134     332
134     490
135     200
135     397
135     410
136     147
136     197
136     229
136     287
136     308
136     405
136     406
137     148
137     321
137     366
138     156
138     165
138     254
138     399
139     338
139     379
140     152
140     153
140     213
140     232
140     358
140     375
140     409
140     495
141     319
141     327
141     429
141     444
141     485
141     499
142     149
142     212
144     200
144     264
144     278
144     348
144     350
144     431
145     295
145     384
145     408
146     160
146     165
146     181
146     208
146     222
146     225
146     299
146     449
147     148
147     270
148     198
148     268
148     285
148     397
148     437
148     465
149     190
149     214
149     236
149     255
149     425
150     294
150     314
150     448
150     455
151     234
151     257
151     284
151     424
151     442
152     192
153     168
153     173
153     186
153     192
153     412
153     459
153     461
153     462
154     208
154     343
154     442
155     326
155     360
155     493
156     176
156     232
156     484
157     163
157     253
158     214
158     236
158     256
158     316
159     192
159     204
159     259
160     203
160     213
160     271
160     285
160     312
160     411
160     492
161     280
161     340
161     398
161     467
161     472
162     177
162     248
162     279
162     332
162     481
163     197
163     264
163     324
163     333
164     287
165     168
165     216
165     218
165     242
165     259
165     274
165     292
165     328
165     353
165     374
165     404
166     168
166     259
166     288
166     379
167     170
167     233
167     256
168     192
168     322
169     298
170     244
170     290
170     365
170     469
171     199
171     230
171     239
171     261
171     344
171     356
171     376
171     475
172     185
172     324
173     196
173     243
173     390
174     232
174     274
174     349
174     360
175     201
175     475
176     255
176     337
176     371
177     264
177     291
177     378
178     192
178     219
178     355
178     383
178     395
178     457
178     481
179     188
179     245
179     248
179     309
179     318
179     345
179     397
179     458
180     334
180     354
180     407
180     410
180     449
180     451
180     490
181     424
181     434
182     187
182     239
182     455
182     459
182     473
183     200
183     265
183     328
184     185
184     291
184     440
185     260
185     392
186     358
186     458
187     199
187     212
187     259
187     377
187     403
187     414
187     442
187     449
187     463
188     204
188     238
188     244
188     360
188     390
188     391
188     398
188     412
189     248
189     432
189     469
190     249
190     275
190     366
190     463
191     231
191     302
191     427
192     297
192     335
193     216
193     246
193     445
193     447
193     466
194     227
194     256
194     304
194     313
194     354
194     461
195     235
195     331
195     339
195     397
195     403
196     207
196     353
196     452
197     218
197     458
198     238
198     242
198     308
198     363
198     443
199     217
199     373
199     387
200     209
200     295
200     307
200     345
200     457
201     237
203     279
203     345
203     372
203     427
204     220
204     232
204     246
204     270
204     295
204     300
204     308
204     327
204     329
204     339
204     456
204     491
205     322
205     335
205     350
206     405
206     409
207     244
207     247
207     259
207     344
207     470
208     313
208     366
209     223
209     233
209     234
209     291
209     317
209     374
209     382
209     386
209     416
209     442
209     477
210     230
211     213
211     346
212     215
212     283
212     392
212     442
213     223
213     312
214     269
214     296
214     299
214     319
214     464
214     482
215     236
215     266
215     272
216     250
216     451
216     453
217     222
217     328
217     337
217     355
217     377
219     453
220     281
220     398
220     413
221     238
221     269
221     273
221     304
221     381
221     389
221     465
221     487
222     271
222     282
222     331
223     230
223     297
223     306
223     466
224     280
224     302
224     406
226     246
226     352
227     317
228     262
229     233
229     332
229     362
229     467
232     472
233     389
233     435
233     474
234     316
234     354
235     320
235     400
235     419
236     240
236     270
236     281
236     483
237     484
237     486
238     309
238     387
238     438
238     454
238     463
239     409
239     423
240     257
240     267
240     284
240     293
240     303
240     355
240     470
240     473
241     428
241     486
242     276
242     380
243     353
243     430
243     450
244     260
244     277
244     335
245     349
246     320
246     434
247     286
247     304
247     368
248     288
248     425
249     251
249     297
249     303
249     434
249     454
249     468
251     396
252     266
252     303
252     363
253     343
254     272
255     324
256     267
256     305
256     348
257     294
257     301
257     335
257     363
257     411
259     395
259     456
260     378
261     294
261     386
261     404
263     272
263     333
263     367
263     454
264     338
266     361
266     369
266     379
266     439
266     488
267     464
267     470
268     395
268     396
268     399
268     498
269     349
269     384
270     336
270     489
272     400
272     436
273     358
273     406
274     283
274     302
274     308
274     382
274     393
275     381
276     289
276     307
277     401
278     290
278     353
278     458
278     494
278     498
280     436
281     435
281     451
281     459
281     479
282     474
283     298
283     381
284     289
284     358
284     398
284     463
284     487
285     347
285     356
285     374
285     434
285     476
286     430
287     493
288     370
288     426
288     465
288     470
289     430
290     318
291     365
291     492
292     306
293     310
293     313
293     413
293     428
293     435
293     436
294     368
294     376
294     426
296     362
297     415
298     405
299     326
300     328
302     483
304     318
304     439
304     440
305     373
306     450
306     497
307     383
307     418
307     480
308     310
309     333
309     444
310     402
310     433
311     390
312     411
313     336
316     340
316     436
316     456
317     453
319     330
320     334
320     392
322     334
326     431
327     358
329     364
329     451
330     396
330     462
331     356
331     438
331     452
331     483
331     489
332     380
332     403
332     416
332     472
333     402
334     414
334     433
334     497
335     401
335     403
335     439
335     489
336     382
336     416
337     389
338     363
338     380
339     417
339     446
340     351
341     342
343     378
343     388
343     480
345     458
346     378
348     445
349     432
350     478
351     424
353     420
353     473
354     415
355     461
357     377
357     402
359     483
361     404
362     373
363     417
364     473
365     404
366     373
366     414
368     383
368     433
370     471
370     494
371     387
372     385
372     432
374     476
377     384
384     399
384     422
386     407
386     464
388     467
390     482
391     415
393     494
393     496
394     431
395     479
396     421
397     465
398     413
398     490
399     400
403     407
403     418
404     445
404     462
407     456
412     464
414     441
422     440
425     488
428     492
430     446
432     444
437     440
445     454
447     489
449     485
454     484
465     483
